# SAXS profile: number of points = 201, q_min = 0, q_max = 0.2, delta_q = 0.001
#    q    intensity    error
0.00000    234885214666.49783325 35232782.19997468
0.00100    234322160745.75631714 126533969.80772889
0.00200    232641539398.00424194 177970783.27491215
0.00300    229868803191.76446533 206881930.24236104
0.00400    226045683385.44549561 203441122.77724853
0.00500    221229322449.34799194 258838317.51087037
0.00600    215490854635.83355713 226265406.57936496
0.00700    208913927866.47375488 350975413.40230823
0.00800    201592688731.24752808 381010197.78829116
0.00900    193629903212.69821167 406622814.12885815
0.01000    185134447459.41653442 397113406.94760656
0.01100    176219304688.96002197 348914238.47563255
0.01200    166998910721.45538330 423342257.23982239
0.01300    157587106951.16302490 463306114.87043083
0.01400    148094622511.62112427 466498081.59191090
0.01500    138627314502.14016724 332705569.62013566
0.01600    129283941755.15780640 395608879.45587713
0.01700    120154928387.38952637 356860153.31883019
0.01800    111320544138.89958191 475895347.60793638
0.01900    102850260023.07009888 370260952.79018062
0.02000    94801662401.34123230 388212825.09455800
0.02100    87220381346.51843262 316609998.64247626
0.02200    80139508623.40724182 331777580.77433872
0.02300    73580397525.32434082 317867331.77820998
0.02400    67552570163.47975159 253322149.66391876
0.02500    62054978666.34500122 363021641.77754319
0.02600    57076482712.12805939 231159765.55696973
0.02700    52597499674.43607330 243000459.62558585
0.02800    48590777052.72261047 253643867.84721985
0.02900    45023345916.17525482 222865572.51776218
0.03000    41857362901.19337463 253027770.36820459
0.03100    39052078709.78265381 224939983.71854618
0.03200    36564770995.95098877 235294312.19616121
0.03300    34352542789.36444473 192717773.93271360
0.03400    32372966723.36469650 203949699.76751408
0.03500    30585786941.17959595 264261211.37486589
0.03600    28953236142.93693161 160690468.01940656
0.03700    27441314489.90902710 187698599.79157180
0.03800    26019863196.66962814 182659448.09402069
0.03900    24663365664.81961823 192374261.09444755
0.04000    23350732229.27574158 172328411.83757687
0.04100    22065789838.48615646 139014482.42808577
0.04200    20796689331.34275055 160966382.89228329
0.04300    19535965257.54787827 154724852.02179146
0.04400    18279987245.55581665 148067903.56556430
0.04500    17028637140.73420334 117497601.73057982
0.04600    15784529758.73038101 122409033.96936636
0.04700    14552758288.82292175 125735837.46314216
0.04800    13340016161.29580307 127463860.35183436
0.04900    12154214507.04982376 118503596.95978197
0.05000    11003755183.38029861 101014477.28728406
0.05100    9897207350.03485107 123517153.48236254
0.05200    8842627466.13149452 84358669.95811568
0.05300    7847454796.35235977 76277264.17642826
0.05400    6917915957.47170639 68487371.17280030
0.05500    6059009807.41311073 55985253.23216892
0.05600    5274228767.68131638 63132521.29517146
0.05700    4565631805.32115173 51637298.12853528
0.05800    3933617120.11764336 34812513.13852119
0.05900    3377264112.57785177 33434916.27612608
0.06000    2894226530.26139832 31778608.78692869
0.06100    2481056060.67991018 27688586.93111316
0.06200    2133248672.87714624 26206961.17130139
0.06300    1845588727.94070244 19489417.87828743
0.06400    1612230738.93897223 18863100.52775130
0.06500    1427130088.65495968 21192882.80788239
0.06600    1284025058.08758116 14194897.68131664
0.06700    1176750010.06036496 12002850.66433662
0.06800    1099401400.21311212 14792446.53228824
0.06900    1046452518.15884304 16481627.93265370
0.07000    1012844330.05716014 12944151.14428531
0.07100    994085709.41924071 15030576.63041749
0.07200    986319349.44090438 12960236.85879909
0.07300    986311861.55671501 12042868.39388322
0.07400    991391443.79987693 13383785.11851805
0.07500    999500660.44951701 11394308.06320400
0.07600    1009106336.61494601 15151732.35459571
0.07700    1019131723.68636322 14308610.07146591
0.07800    1028849981.82284260 14630247.42762406
0.07900    1037877780.70787466 13699987.34792447
0.08000    1046055796.59942400 17793409.93486394
0.08100    1053363312.60446727 16843280.15880202
0.08200    1059864370.90995777 19792968.05553226
0.08300    1065659906.94589674 14770047.00345802
0.08400    1070844865.73024487 13653272.67892688
0.08500    1075465901.02264524 18035564.00683208
0.08600    1079491625.17180824 14087366.36991510
0.08700    1082814400.71669793 17151780.91276077
0.08800    1085257416.72041583 17385824.63236493
0.08900    1086565919.43144751 17602368.72156742
0.09000    1086450332.74695659 20762066.83410279
0.09100    1084562570.46947169 19457053.42833750
0.09200    1080562917.55393338 24118165.45303737
0.09300    1074132066.46222854 15145262.84882599
0.09400    1064968176.93542469 18210956.68146476
0.09500    1052846103.76654840 19709279.98889885
0.09600    1037615438.88308024 16607035.87998367
0.09700    1019193597.21342421 14982146.58338971
0.09800    997606355.11882854 14814455.07005587
0.09900    972971307.55791461 16054027.32960568
0.10000    945470068.62565374 15756259.43461892
0.10100    915392695.44574916 15406059.78892649
0.10200    883096496.23871517 16372609.81037291
0.10300    848967332.11292791 23839003.80713546
0.10400    813452890.32108235 14093071.98782263
0.10500    777016038.38842833 14825466.70997993
0.10600    740071249.36590362 13065958.52235473
0.10700    703095934.14936316 18224247.47074189
0.10800    666470792.45384765 10896797.96944216
0.10900    630563199.16987121 15606439.91398161
0.11000    595682634.87864161 11901739.60508472
0.11100    562082571.08930802 9442987.63881358
0.11200    529938777.13538063 11677201.50390710
0.11300    499391252.27869338 11955427.14242305
0.11400    470521188.49656683 12174736.32558916
0.11500    443329467.64489490 8485326.41028024
0.11600    417806708.14902037 8799009.68797683
0.11700    393903879.53830546 7669308.89579636
0.11800    371515478.06907523 7294706.75545466
0.11900    350564800.12255782 8834233.37919531
0.12000    330942897.36242360 7207936.64408278
0.12100    312557233.95253980 7435736.94601455
0.12200    295302466.38865912 7082829.99001325
0.12300    279100974.71994561 6229534.04924998
0.12400    263885771.18773919 7916573.50864109
0.12500    249618036.20130751 7548449.77041415
0.12600    236275087.82744718 4501040.63521745
0.12700    223825942.33426958 5586695.78394409
0.12800    212280210.75030479 6161433.40741134
0.12900    201662065.51596305 5112133.60177517
0.13000    191974737.19181773 4526764.51635153
0.13100    183239906.71126568 3628150.32390543
0.13200    175471454.99863333 4200786.83069374
0.13300    168687088.90573728 3390610.64684884
0.13400    162879105.52423298 3628132.24660282
0.13500    158038232.11237758 3546378.09580711
0.13600    154128299.76458836 5384472.40615782
0.13700    151112229.51285318 3440825.62825383
0.13800    148926611.91202408 3415632.00526893
0.13900    147519675.38268751 4337078.66077976
0.14000    146793558.61588696 3415152.30225920
0.14100    146670394.59571072 4373711.37312127
0.14200    147050891.03063059 4731362.64206667
0.14300    147846939.97023743 5748289.29717587
0.14400    148960273.19642454 3563874.70433200
0.14500    150307929.84754318 3620918.20083372
0.14600    151813921.17792833 4351746.25585606
0.14700    153391139.19726342 3405283.45082867
0.14800    154994242.95635808 3810533.64285799
0.14900    156554799.19876686 5283724.72224874
0.15000    158047791.20184636 3937760.90358897
0.15100    159438266.82989579 4725750.45182248
0.15200    160715513.14501303 4426105.44086833
0.15300    161847228.59179488 6355740.96672100
0.15400    162849580.93116710 4922128.81592477
0.15500    163702434.67300713 4979828.29776580
0.15600    164418120.66830277 4259251.61692741
0.15700    164994038.77547589 4692430.68424240
0.15800    165429594.32815397 5129144.81423350
0.15900    165719429.45092204 6363626.39128233
0.16000    165869861.44021967 5608060.28000792
0.16100    165861909.68352523 4836533.51467656
0.16200    165690411.36337632 5266469.97379418
0.16300    165330150.80525818 6100682.85271403
0.16400    164786723.96068344 5302013.09374083
0.16500    164030613.73422724 4901234.96977248
0.16600    163063210.56948557 6535573.78818924
0.16700    161859087.41822171 5302503.95417721
0.16800    160421031.60216001 5693342.68037980
0.16900    158756474.43156195 4857948.34698865
0.17000    156866686.46815336 5230719.90727353
0.17100    154770530.04999429 4791695.83661793
0.17200    152492295.55940646 5144327.83362664
0.17300    150065261.43307024 3916703.50836740
0.17400    147531108.35874632 4647230.13277076
0.17500    144930616.93671861 3826168.46783004
0.17600    142311888.10658467 3778380.80767936
0.17700    139739913.62699041 4477267.04407282
0.17800    137256863.78511226 4053881.66336664
0.17900    134935295.92544267 6193530.37552040
0.18000    132809896.17332995 6129841.04742328
0.18100    130945288.43386281 4647248.50603742
0.18200    129355670.22223751 6746545.29913343
0.18300    128100513.05272211 4596246.62545519
0.18400    127185782.82158490 5294108.46004589
0.18500    126634519.44015422 4239723.91114977
0.18600    126443600.32903497 4256091.78814778
0.18700    126611899.51181678 3570455.73491871
0.18800    127113112.36430044 5045119.66810151
0.18900    127930946.18349370 3646032.13849534
0.19000    129021597.68657202 4435762.73804868
0.19100    130361123.99947351 3754400.54858051
0.19200    131880347.39953552 4199729.86138111
0.19300    133555658.77576278 3886469.85402057
0.19400    135319005.70617536 4749697.32472835
0.19500    137133760.79405597 6047599.13679786
0.19600    138954930.34747186 6569789.41729271
0.19700    140738490.07281274 7105886.69958320
0.19800    142443401.64313877 4251935.73998894
0.19900    144050963.38936681 6050140.74828283
0.20000    145523410.09759152 7897555.83924381
